100 800
1 5 99
1 7 57
1 10 10
1 15 13
1 20 55
1 25 8
1 28 1
1 39 23
1 40 77
1 41 97
1 55 53
1 56 28
1 59 34
1 61 84
1 72 33
1 73 17
1 78 38
1 85 82
1 88 92
1 92 26
1 93 97
2 9 1
2 13 35
2 23 57
2 24 91
2 37 44
2 44 38
2 51 40
2 62 87
2 63 50
2 66 62
2 74 24
2 82 6
2 84 30
2 85 47
3 22 72
3 37 1
3 72 40
3 82 78
3 84 90
3 85 78
3 94 77
3 95 81
4 17 46
4 33 26
4 35 92
4 46 86
4 47 24
4 56 34
4 70 66
4 73 47
4 74 86
4 77 10
4 78 84
4 86 95
4 89 9
4 92 98
4 93 21
4 95 8
4 97 19
5 10 14
5 15 79
5 16 95
5 17 12
5 18 45
5 29 60
5 34 42
5 40 56
5 42 66
5 44 89
5 46 90
5 63 77
5 66 85
5 73 85
5 76 97
5 83 100
5 89 6
6 11 6
6 19 25
6 35 36
6 45 1
6 48 65
6 57 65
6 58 46
6 66 68
6 74 12
6 77 57
6 78 32
6 84 18
6 92 15
6 95 64
6 99 37
7 8 71
7 11 62
7 15 74
7 17 39
7 28 26
7 36 77
7 40 56
7 51 53
7 59 46
7 60 18
7 62 64
7 66 91
7 87 42
7 97 70
8 9 8
8 18 58
8 22 24
8 32 87
8 34 64
8 38 5
8 47 63
8 48 24
8 60 55
8 66 36
8 72 57
8 75 27
9 12 48
9 14 77
9 17 28
9 19 29
9 26 53
9 27 18
9 34 40
9 35 71
9 40 78
9 41 70
9 46 25
9 52 79
9 58 73
9 63 20
9 71 57
9 82 93
9 83 30
9 99 54
10 13 14
10 15 12
10 19 59
10 22 89
10 33 13
10 36 90
10 40 31
10 41 23
10 51 22
10 58 1
10 84 47
10 91 71
10 96 20
11 17 4
11 23 98
11 42 20
11 59 2
11 65 80
11 69 13
11 71 38
11 73 7
11 78 32
11 80 97
11 92 56
12 30 15
12 39 40
12 48 77
12 51 89
12 63 75
12 64 75
12 70 3
12 71 93
12 74 97
12 75 58
12 82 4
12 84 58
12 90 84
12 91 82
12 96 51
13 14 79
13 16 81
13 19 3
13 21 81
13 24 16
13 28 21
13 35 56
13 48 15
13 50 98
13 59 64
13 61 17
13 63 29
13 66 59
13 70 64
13 73 31
13 89 18
13 95 49
13 100 95
14 15 60
14 20 44
14 34 25
14 36 62
14 44 46
14 52 7
14 66 73
14 74 64
14 75 42
14 76 78
14 79 19
14 80 68
14 100 18
15 18 75
15 22 38
15 23 94
15 29 34
15 45 52
15 49 79
15 51 95
15 55 94
15 71 62
15 81 30
15 82 70
15 86 6
15 97 53
16 17 54
16 21 49
16 22 53
16 27 100
16 35 27
16 36 19
16 39 46
16 40 69
16 53 89
16 61 26
16 63 3
16 74 91
16 87 15
16 92 26
16 93 89
16 100 96
17 18 20
17 22 60
17 23 67
17 24 5
17 32 49
17 48 2
17 53 70
17 73 87
17 74 84
17 80 43
17 82 66
17 86 7
17 87 75
17 91 50
17 95 36
18 22 57
18 25 29
18 28 65
18 30 7
18 31 22
18 32 100
18 36 10
18 43 32
18 47 52
18 48 78
18 50 58
18 55 79
18 57 32
18 67 91
18 75 73
18 77 54
18 91 39
18 93 51
18 100 90
19 21 77
19 26 19
19 30 95
19 44 89
19 49 71
19 50 71
19 56 25
19 68 43
19 72 10
19 87 55
19 91 16
19 92 70
19 94 54
20 23 4
20 26 21
20 32 71
20 33 73
20 40 14
20 47 43
20 48 3
20 50 52
20 60 28
20 72 87
20 74 30
20 79 66
20 82 84
20 85 95
20 86 17
20 87 23
20 90 18
20 97 66
21 28 46
21 34 67
21 43 95
21 50 41
21 61 73
21 66 42
21 70 28
22 25 89
22 28 59
22 31 32
22 37 48
22 42 22
22 47 94
22 54 20
22 55 61
22 59 64
22 67 68
22 74 11
22 77 91
22 94 51
22 95 84
23 24 58
23 27 49
23 34 74
23 37 95
23 38 30
23 62 85
23 70 91
23 72 5
23 82 71
23 89 10
24 25 53
24 32 8
24 38 45
24 41 98
24 56 1
24 58 59
24 60 56
24 63 65
24 66 6
24 68 67
24 77 44
24 79 50
24 94 86
25 29 46
25 40 7
25 48 100
25 64 11
25 76 4
25 79 68
25 96 75
25 97 54
25 100 62
26 39 56
26 42 73
26 43 51
26 48 38
26 63 64
26 66 99
26 78 1
26 79 47
26 84 80
26 93 80
26 100 99
27 32 38
27 41 90
27 46 78
27 47 27
27 52 81
27 55 28
27 61 33
27 71 99
27 75 20
27 82 1
27 84 42
27 94 87
27 98 8
28 33 69
28 34 98
28 35 73
28 45 51
28 56 83
28 63 84
28 65 44
28 73 25
28 74 35
28 76 36
28 88 1
29 36 6
29 41 27
29 42 74
29 50 66
29 65 35
29 68 66
29 69 100
29 83 1
29 86 57
29 93 31
29 98 26
30 32 32
30 36 59
30 39 3
30 51 6
30 73 56
30 88 30
30 93 48
31 58 53
31 69 85
31 74 65
31 78 72
31 88 8
31 90 53
31 91 23
31 93 70
31 94 15
32 45 59
32 49 11
32 61 14
32 70 90
32 72 90
32 74 6
32 82 54
32 91 58
32 92 64
32 94 98
33 34 24
33 38 94
33 64 97
33 68 18
33 77 93
33 78 76
33 83 38
33 87 25
33 90 63
33 94 14
33 99 59
34 39 98
34 40 41
34 61 82
34 69 64
34 78 48
34 80 34
34 85 63
34 89 71
34 93 5
34 99 25
35 51 80
35 54 75
35 59 100
35 61 39
35 62 30
35 68 48
35 69 50
35 72 55
35 97 58
35 99 24
35 100 94
36 38 59
36 45 95
36 52 15
36 57 96
36 73 76
36 83 29
36 91 6
36 94 45
37 42 44
37 49 68
37 55 70
37 56 54
37 61 5
37 62 3
37 63 33
37 77 83
37 90 3
37 92 45
37 93 90
37 94 99
37 97 60
38 42 15
38 49 61
38 54 8
38 65 96
38 69 59
38 71 31
38 79 100
38 83 80
38 87 31
38 94 47
39 44 51
39 46 91
39 48 56
39 49 20
39 53 31
39 56 18
39 59 6
39 63 41
39 81 23
39 82 21
39 83 90
39 86 73
39 87 81
39 95 29
40 43 12
40 46 17
40 51 8
40 57 45
40 59 76
40 60 15
40 62 6
40 71 77
40 80 64
40 89 87
40 97 51
41 44 75
41 63 31
41 71 67
41 75 59
41 79 75
41 89 92
42 47 78
42 54 81
42 64 56
42 66 65
42 72 48
42 76 100
42 81 79
42 87 50
42 95 82
42 96 37
43 45 35
43 49 88
43 56 23
43 75 47
43 82 32
43 90 15
44 52 93
44 55 58
44 62 54
44 67 3
44 70 42
44 80 25
44 87 14
44 88 39
45 48 92
45 57 46
45 59 27
45 63 97
45 65 63
45 86 9
45 87 8
45 92 32
45 98 90
45 99 82
46 54 52
46 62 92
46 67 22
46 81 60
46 85 91
46 91 92
47 57 5
47 60 97
47 64 60
47 65 100
47 66 47
47 71 34
47 72 88
47 74 63
47 79 76
47 86 12
47 93 74
47 95 66
48 54 71
48 60 14
48 63 3
48 65 56
48 81 70
48 85 91
48 92 31
49 53 15
49 55 36
49 61 34
49 63 60
49 74 48
49 81 60
49 83 49
49 84 47
49 88 52
49 89 11
50 55 69
50 56 50
50 60 47
50 74 68
50 78 56
50 81 12
50 82 68
50 95 57
50 96 20
50 97 86
50 98 24
50 100 18
51 59 55
51 63 69
51 64 21
51 66 11
51 67 43
51 69 84
51 78 34
51 82 48
51 83 26
51 87 93
51 90 88
51 91 45
51 92 72
51 97 22
52 68 68
52 71 98
52 72 44
52 86 9
52 97 56
53 62 35
53 64 51
53 66 100
53 69 76
53 83 15
53 93 61
54 55 83
54 58 71
54 64 75
54 75 89
54 77 54
54 78 14
54 80 19
54 83 72
54 95 35
55 63 43
55 68 92
55 70 100
55 75 45
55 81 60
55 84 70
56 65 29
56 72 4
56 86 96
56 97 88
56 98 20
57 58 3
57 62 39
57 67 62
57 68 37
57 80 72
57 93 65
58 72 17
58 78 30
58 82 85
58 96 54
59 61 64
59 62 38
59 63 43
59 76 1
59 78 47
59 80 23
59 81 29
59 88 15
59 89 88
59 93 24
59 94 73
59 95 68
59 99 48
60 61 4
60 68 40
60 78 100
60 87 63
60 91 12
60 92 36
60 100 26
61 68 61
61 71 3
61 83 68
61 87 17
61 93 50
62 90 97
63 69 25
63 70 85
63 80 9
63 92 7
63 100 50
64 74 45
64 75 88
64 83 13
64 87 8
64 92 7
65 71 54
65 83 27
65 84 84
65 86 31
65 90 88
65 91 64
65 98 24
65 99 44
66 93 8
66 94 24
66 95 84
66 100 76
67 80 40
67 81 94
67 86 31
67 87 34
67 89 6
67 94 24
67 98 58
68 71 63
68 96 88
68 98 77
69 70 100
69 75 4
69 90 25
69 91 99
69 96 48
70 74 80
70 76 70
70 78 20
71 80 30
71 91 80
71 96 33
71 99 23
72 83 45
72 91 77
72 92 43
72 93 94
72 94 99
72 95 5
72 96 100
73 74 60
73 85 65
73 89 42
73 91 13
73 95 66
73 96 72
73 97 50
74 75 83
74 81 40
74 86 65
74 88 52
74 99 63
75 82 94
75 84 11
75 88 15
75 90 42
75 92 44
75 94 20
75 96 17
76 83 69
76 84 14
76 91 16
76 98 100
77 99 39
78 81 71
78 82 1
78 90 50
78 93 48
78 94 41
78 100 39
79 84 22
80 81 99
80 89 59
80 96 47
81 89 98
81 90 59
81 98 41
82 85 17
82 87 75
82 94 31
83 87 6
84 88 80
84 91 40
84 93 26
84 97 88
84 100 56
85 88 41
85 98 8
85 100 44
86 87 78
86 88 67
86 96 63
87 91 51
87 97 5
88 89 65
88 98 36
89 96 94
91 95 29
91 100 30
92 97 88
92 98 6
93 96 32
93 97 92
93 100 22
94 96 1
94 97 31
94 99 51
94 100 47
