100 300
1 16 7
1 23 35
1 24 71
1 31 59
1 42 42
1 67 81
1 74 56
1 77 74
2 45 79
2 50 54
2 54 77
2 66 8
2 70 81
2 80 24
2 88 24
2 97 54
3 5 65
3 12 60
3 29 77
3 33 23
3 46 26
3 50 96
3 54 5
3 60 15
3 62 24
3 64 20
3 69 59
3 79 13
3 82 42
3 95 28
4 40 10
4 50 90
4 97 46
5 12 9
5 20 3
5 34 13
5 35 3
5 48 21
5 59 14
5 69 21
5 73 25
5 97 39
5 99 52
6 8 78
6 23 88
6 63 5
6 64 77
6 88 29
7 12 16
7 18 46
7 24 82
7 65 86
7 72 73
8 15 37
8 42 97
8 45 69
8 54 29
9 10 94
9 15 80
9 16 36
9 27 65
9 63 35
9 71 95
9 83 32
10 17 13
10 40 11
10 69 2
10 77 85
10 94 16
11 40 44
11 44 50
11 55 70
11 96 45
12 41 75
12 42 17
12 46 12
12 58 93
12 63 42
13 23 68
13 37 67
13 47 26
13 59 53
13 78 60
13 95 96
14 90 15
14 100 11
15 29 43
15 41 4
15 44 26
15 76 1
15 78 59
15 80 68
16 38 36
16 66 97
17 36 17
17 44 79
17 47 41
17 58 99
17 66 65
17 70 39
17 75 26
17 78 6
18 40 74
18 65 78
18 66 22
18 91 54
19 40 85
19 71 43
19 82 27
19 97 91
20 42 67
20 73 59
20 84 33
20 85 60
20 89 55
20 100 10
21 35 83
21 39 52
21 76 50
21 79 81
21 84 65
21 85 90
21 97 30
22 37 34
22 44 72
22 52 86
22 56 2
22 61 23
22 63 99
22 66 96
22 67 6
22 71 70
22 79 35
23 42 22
23 44 8
23 58 17
23 97 74
24 82 78
25 26 67
25 33 6
25 49 43
25 73 76
25 80 85
25 81 36
25 83 3
26 34 14
26 74 72
26 75 83
26 83 48
26 88 66
27 39 55
27 50 80
27 78 94
27 98 48
28 88 52
29 36 26
29 55 98
29 84 10
30 54 12
30 59 45
30 63 9
30 79 64
30 88 2
31 37 8
31 44 5
32 48 38
32 49 93
32 64 31
33 54 42
33 76 4
33 77 25
33 84 76
34 78 80
35 44 57
35 68 56
35 87 62
36 47 13
36 56 18
37 84 94
39 47 24
39 99 62
40 47 57
40 48 71
40 66 82
40 69 31
40 81 57
40 83 2
40 85 22
41 65 60
41 73 59
42 77 91
42 88 94
43 48 60
43 77 35
43 82 69
44 46 13
44 49 37
44 53 15
44 65 39
44 69 82
44 80 100
45 61 96
45 65 71
45 91 66
46 83 98
46 86 26
46 89 3
46 91 56
46 99 50
47 67 70
47 82 87
47 85 24
47 99 54
47 100 34
48 86 24
49 54 50
49 62 83
49 69 48
49 78 3
50 59 80
50 63 31
50 92 13
50 94 39
51 92 6
52 55 78
52 68 54
52 73 66
53 69 53
53 73 25
54 86 61
55 58 58
55 67 73
55 70 19
56 89 47
56 91 27
57 66 64
57 67 96
57 78 71
57 80 18
57 90 22
57 94 5
57 100 4
58 74 80
58 80 58
58 98 41
59 60 49
59 62 45
59 64 86
59 99 8
62 64 62
62 87 28
63 64 35
64 91 10
66 69 90
66 89 6
66 96 74
67 73 87
67 78 68
67 86 28
67 88 8
68 77 38
68 78 43
68 95 42
69 71 92
70 87 44
70 93 84
71 81 83
71 82 84
71 88 28
71 92 89
72 93 84
72 96 90
73 97 3
74 77 42
74 80 59
74 85 20
74 90 31
74 93 94
75 98 77
77 86 7
78 86 73
78 95 71
78 98 54
79 85 88
79 92 16
79 96 42
80 83 80
80 92 19
81 83 91
81 85 99
81 87 39
81 98 61
81 100 19
82 94 53
83 87 34
90 97 61
91 92 52
92 94 49
95 99 44
96 100 99
