20 100
1 5 44
1 6 6
1 7 49
1 10 39
1 13 20
1 15 49
1 18 11
2 4 38
2 5 26
2 6 44
2 7 16
2 8 40
2 9 12
2 10 19
2 11 43
2 13 41
2 17 50
2 18 40
2 19 30
3 5 15
3 8 43
3 11 10
3 12 39
3 14 16
3 17 42
3 19 7
4 6 23
4 7 47
4 8 37
4 9 44
4 13 29
4 18 23
4 19 19
5 6 18
5 8 20
5 16 5
5 17 36
5 20 25
6 7 47
6 8 28
6 9 36
6 10 6
6 13 26
6 14 38
6 15 5
6 16 21
6 18 2
7 8 26
7 9 27
7 11 8
7 13 3
7 15 38
7 17 12
7 18 33
8 9 19
8 11 21
8 12 5
8 13 32
8 14 6
8 16 32
8 17 35
8 20 35
9 11 17
9 12 50
9 13 17
9 15 14
9 16 42
9 18 20
9 19 33
10 12 27
10 13 16
10 15 44
10 16 24
10 18 9
10 19 36
10 20 13
11 12 40
11 13 25
11 14 26
11 18 21
11 19 6
12 13 45
12 16 28
12 17 30
12 18 4
12 20 22
13 14 44
13 16 17
13 18 13
13 19 18
13 20 29
14 15 26
14 17 4
14 18 4
15 16 27
15 17 47
15 19 18
16 17 29
16 20 7
18 19 42
