500 3000
1 62 175
1 282 919
1 285 441
1 300 919
1 347 564
1 350 254
1 358 95
1 411 575
1 417 146
1 449 850
1 461 299
1 483 518
1 492 270
1 497 167
2 67 372
2 76 421
2 117 725
2 122 360
2 143 135
2 159 247
2 187 344
2 208 863
2 210 950
2 258 939
2 278 214
2 292 966
2 320 407
2 351 736
2 387 228
2 390 454
2 472 635
3 19 399
3 29 538
3 77 106
3 96 443
3 170 21
3 238 619
3 247 770
3 270 662
3 283 538
3 303 856
3 409 437
3 446 563
4 59 887
4 159 429
4 163 96
4 167 488
4 171 777
4 197 354
4 209 257
4 232 878
4 243 837
4 260 970
4 266 903
4 268 863
4 292 371
4 297 962
4 360 313
4 480 189
4 495 164
5 126 305
5 201 206
5 206 81
5 237 549
5 265 793
5 358 294
5 376 986
5 409 507
5 428 385
6 151 892
6 189 973
6 252 566
6 282 857
6 335 403
6 348 583
6 396 979
7 19 627
7 93 504
7 275 353
7 346 88
7 373 387
7 381 359
7 398 382
7 431 951
7 497 240
8 105 660
8 116 595
8 198 266
8 205 414
8 258 79
8 301 386
8 336 397
8 389 6
8 444 667
9 29 244
9 47 431
9 98 715
9 161 930
9 364 835
9 419 780
9 431 693
9 449 129
9 487 643
9 500 659
10 40 465
10 63 858
10 114 975
10 123 686
10 197 998
10 226 129
10 234 208
10 303 39
10 313 845
10 350 902
10 361 762
10 385 689
10 392 586
10 431 194
11 12 808
11 65 674
11 101 618
11 102 250
11 106 381
11 113 335
11 136 809
11 143 76
11 172 55
11 222 17
11 309 324
11 326 861
11 334 962
11 354 660
11 378 851
11 426 803
11 460 869
12 33 246
12 166 853
12 205 367
12 258 4
12 262 120
12 322 141
12 399 705
12 412 874
12 428 546
13 17 874
13 84 648
13 174 263
13 204 121
13 315 743
13 340 216
13 414 978
13 452 51
13 455 451
13 490 305
14 64 276
14 122 14
14 191 582
14 213 104
14 246 300
14 280 449
14 296 558
14 375 611
14 392 455
14 400 151
14 404 775
14 429 759
14 447 686
15 23 81
15 87 214
15 101 533
15 193 259
15 214 98
15 286 395
15 293 391
15 353 330
15 416 654
15 442 51
15 473 773
15 475 7
16 41 366
16 51 58
16 55 244
16 74 898
16 91 317
16 93 218
16 112 145
16 130 316
16 151 7
16 225 64
16 241 170
16 245 163
16 259 707
16 443 42
17 32 998
17 60 332
17 73 696
17 83 487
17 140 98
17 152 95
17 175 248
17 240 142
17 276 409
17 306 250
17 321 1
17 374 646
17 415 252
17 437 965
17 441 644
17 493 485
18 28 866
18 66 908
18 149 747
18 160 9
18 181 6
18 280 805
18 285 64
18 297 635
18 319 904
18 357 217
18 387 807
18 405 725
18 411 844
18 430 500
18 459 291
18 461 530
19 115 139
19 127 849
19 160 295
19 191 667
19 329 623
19 337 751
19 420 298
19 495 35
19 500 968
20 153 114
20 171 574
20 351 921
20 409 170
20 431 345
20 456 371
20 499 703
21 48 932
21 104 560
21 214 534
21 253 706
21 262 397
21 263 4
21 302 611
21 306 366
21 355 230
21 359 792
21 396 154
21 441 727
21 457 158
22 46 230
22 78 997
22 92 86
22 135 848
22 159 33
22 324 4
22 335 369
22 388 111
23 71 569
23 118 560
23 158 597
23 248 908
23 262 334
23 265 249
23 290 411
23 295 404
23 328 300
23 372 406
23 458 501
23 468 369
24 36 750
24 48 767
24 146 961
24 147 793
24 159 827
24 199 118
24 205 167
24 212 155
24 271 666
24 297 445
24 344 873
24 361 147
24 369 481
24 387 967
24 411 72
24 472 341
24 483 14
25 44 423
25 69 183
25 123 569
25 128 543
25 210 604
25 225 778
25 271 615
25 277 392
25 303 650
25 353 860
25 413 595
25 471 736
25 484 45
25 486 610
26 32 916
26 75 732
26 179 962
26 193 176
26 266 159
26 267 903
26 328 568
26 489 322
26 500 760
27 59 987
27 81 974
27 212 392
27 337 929
27 369 786
27 381 608
27 397 156
27 417 831
27 420 420
27 493 14
28 58 230
28 96 664
28 113 642
28 120 253
28 194 466
28 206 366
28 231 223
28 246 292
28 330 515
28 334 725
28 481 719
28 483 990
29 48 801
29 155 828
29 182 640
29 217 841
29 344 271
29 451 427
29 465 247
29 475 697
29 500 814
30 32 521
30 52 808
30 111 620
30 167 472
30 169 538
30 198 904
30 301 545
30 325 791
30 367 938
31 130 587
31 192 65
31 232 164
31 246 68
32 59 907
32 82 533
32 88 633
32 205 154
32 223 121
32 237 11
32 253 312
32 258 306
32 261 14
32 284 684
32 417 246
32 445 833
32 494 954
32 497 378
33 55 788
33 68 487
33 117 924
33 122 900
33 132 664
33 150 278
33 160 180
33 211 747
33 260 431
33 264 434
33 273 83
33 356 242
33 359 620
33 425 141
33 433 540
33 446 148
34 112 42
34 113 38
34 141 699
34 278 664
34 307 56
34 469 781
34 483 572
35 111 563
35 128 334
35 244 753
35 248 373
35 281 639
35 346 455
35 397 144
35 435 901
36 118 811
36 293 984
36 299 125
36 300 235
36 405 502
36 411 809
36 459 621
37 99 894
37 119 794
37 128 69
37 131 73
37 135 993
37 179 202
37 301 390
37 305 197
37 309 556
37 353 897
37 371 405
37 376 828
37 405 842
37 445 748
37 446 109
37 447 174
37 494 422
38 137 779
38 202 39
38 205 372
38 256 653
38 266 91
38 273 887
38 275 713
38 364 466
38 414 229
38 425 858
38 437 771
38 459 948
38 491 304
39 72 389
39 152 103
39 176 970
39 178 236
39 243 765
39 267 527
39 369 22
39 393 364
39 398 319
39 430 153
39 458 623
39 475 613
39 485 230
40 61 603
40 72 233
40 76 798
40 83 864
40 89 961
40 115 115
40 147 659
40 220 322
40 250 289
40 404 789
40 423 588
41 54 707
41 101 587
41 111 628
41 140 571
41 148 146
41 184 211
41 224 213
41 275 933
41 279 797
41 437 584
41 447 736
41 479 385
42 57 225
42 74 871
42 94 503
42 122 583
42 149 751
42 167 765
42 195 132
42 207 70
42 221 136
42 334 607
42 363 618
42 382 334
42 472 947
43 72 723
43 85 200
43 112 447
43 166 227
43 169 786
43 312 898
43 327 330
43 381 90
43 432 1
43 459 555
43 493 591
43 499 864
44 68 775
44 92 33
44 106 25
44 113 836
44 165 6
44 202 861
44 203 462
44 231 645
44 305 949
44 321 686
44 384 838
44 393 920
44 439 619
44 442 808
44 490 457
45 107 177
45 135 507
45 147 540
45 349 793
45 379 386
45 402 28
45 426 643
45 437 339
45 469 673
45 481 199
45 499 602
46 89 173
46 91 722
46 160 995
46 171 671
46 198 802
46 311 888
46 339 452
46 372 791
46 391 944
46 428 469
47 61 243
47 88 372
47 94 696
47 308 616
47 335 76
47 429 470
47 438 869
47 468 539
48 141 819
48 159 993
48 169 869
48 190 518
48 211 840
48 277 919
48 377 273
48 426 431
49 61 697
49 79 907
49 81 819
49 87 461
49 122 475
49 146 635
49 167 723
49 226 834
49 331 43
49 336 241
49 355 252
49 367 657
49 388 47
49 466 27
49 500 985
50 65 886
50 89 271
50 166 600
50 224 673
50 321 211
50 334 723
50 362 493
50 457 998
50 475 596
51 81 459
51 192 734
51 225 872
51 232 96
51 233 937
51 241 318
51 264 656
51 275 789
51 320 233
51 383 438
51 389 527
51 427 263
52 62 240
52 132 111
52 170 741
52 248 155
52 264 69
52 272 414
52 282 156
52 283 629
52 285 593
53 127 887
53 167 273
53 236 760
53 296 27
53 300 699
53 364 862
53 379 766
53 451 208
54 80 193
54 86 704
54 96 347
54 104 793
54 112 548
54 114 260
54 129 769
54 194 347
54 201 932
54 208 767
54 238 442
54 282 737
54 287 442
54 333 928
54 338 696
54 449 766
55 58 969
55 78 48
55 81 16
55 120 66
55 191 188
55 302 686
55 447 822
55 486 835
56 144 835
56 147 391
56 209 448
56 221 854
56 309 938
56 310 65
56 351 816
56 404 402
56 418 676
56 448 886
57 83 200
57 90 177
57 131 737
57 139 982
57 149 251
57 158 114
57 194 256
57 303 898
57 336 786
57 417 278
57 418 217
58 71 409
58 82 941
58 145 876
58 203 965
58 325 995
58 350 343
58 485 120
59 110 947
59 188 924
59 224 518
59 249 559
59 323 322
59 490 809
60 151 439
60 206 238
60 224 741
60 258 202
60 312 838
60 454 639
60 478 834
60 480 155
60 482 604
61 98 634
61 109 833
61 211 485
61 242 873
61 299 896
61 321 270
61 332 987
61 380 28
61 456 114
61 487 811
61 494 955
62 78 360
62 171 614
62 178 280
62 210 679
62 221 461
62 254 34
62 399 774
62 412 674
63 101 238
63 165 102
63 173 484
63 181 240
63 188 371
63 211 531
63 225 454
63 307 765
63 356 466
63 377 483
63 421 204
63 428 340
63 436 983
63 475 726
63 497 835
64 76 350
64 85 663
64 97 900
64 121 617
64 206 324
64 212 514
64 232 561
64 234 550
64 250 361
64 315 112
64 317 838
64 359 997
64 363 334
64 401 135
64 408 772
64 430 988
65 166 387
65 215 597
65 219 698
65 336 119
65 432 180
65 457 857
65 460 578
65 469 434
66 82 259
66 101 564
66 116 745
66 202 940
66 214 231
66 292 420
66 362 433
66 435 789
66 452 388
67 104 809
67 136 853
67 251 827
67 274 528
67 320 465
67 452 455
67 454 421
68 132 70
68 136 408
68 199 786
68 262 782
68 360 147
68 363 148
68 426 402
68 445 226
69 194 194
69 221 267
69 229 732
69 235 421
69 272 255
69 298 3
69 325 804
69 386 922
69 389 719
69 424 840
70 71 49
70 79 19
70 124 908
70 140 413
70 191 445
70 344 123
70 349 559
70 354 150
70 362 793
70 427 526
70 476 157
70 484 169
70 488 798
71 106 983
71 275 134
71 326 895
71 343 990
71 360 31
71 362 689
71 436 252
72 98 573
72 198 493
72 380 26
72 388 154
72 398 120
72 423 611
72 456 657
72 485 197
73 102 127
73 112 490
73 149 90
73 206 609
73 214 376
73 305 29
73 327 1
73 360 521
73 482 759
73 485 128
74 86 106
74 102 429
74 142 250
74 185 836
74 240 738
74 339 353
74 396 891
74 405 474
74 436 754
74 462 868
74 477 359
75 99 764
75 161 781
75 260 772
75 268 536
75 279 208
75 439 12
75 447 810
76 86 925
76 216 67
76 223 513
76 280 253
76 299 78
76 329 157
76 364 595
76 384 524
76 388 610
76 393 534
76 458 138
77 87 512
77 88 587
77 135 591
77 250 131
77 310 283
77 312 227
77 320 637
77 326 710
77 335 69
77 361 1
77 374 942
77 376 405
77 390 462
77 393 658
77 443 328
77 492 811
78 87 587
78 96 658
78 165 47
78 214 845
78 220 826
78 232 139
78 258 37
78 266 720
78 285 50
78 304 835
78 330 394
78 341 630
78 349 304
78 356 214
78 450 335
78 490 943
78 491 91
79 103 419
79 104 185
79 220 214
79 233 404
79 244 550
79 262 709
79 281 456
79 299 633
79 300 403
79 303 292
79 332 38
79 426 908
79 443 207
80 128 233
80 132 924
80 161 634
80 176 152
80 191 101
80 291 726
80 322 157
80 428 672
80 440 770
81 87 939
81 114 717
81 133 162
81 177 467
81 215 747
81 216 141
81 358 730
81 385 736
81 498 762
82 110 581
82 188 197
82 195 965
82 196 60
82 243 289
82 264 803
82 275 491
82 368 126
82 393 759
82 412 652
82 430 275
82 494 298
83 154 253
83 173 1000
83 175 278
83 176 339
83 205 577
83 396 151
83 420 22
83 483 446
84 149 604
84 221 236
84 274 863
84 318 143
84 325 68
84 331 296
84 350 753
84 362 120
84 394 610
84 398 256
84 403 286
84 473 586
85 100 733
85 106 798
85 199 1
85 270 530
85 307 578
85 315 629
85 327 206
85 360 832
85 436 205
85 454 857
85 471 399
85 499 404
86 88 985
86 107 175
86 117 925
86 144 425
86 208 545
86 240 731
86 248 845
86 270 215
86 273 69
86 278 111
86 332 648
86 350 123
87 99 706
87 117 969
87 118 671
87 155 909
87 158 732
87 184 782
87 192 250
87 251 770
87 324 502
87 330 170
87 368 641
87 403 276
87 455 531
87 485 559
88 218 282
88 225 822
88 251 509
88 282 564
88 289 20
88 365 608
88 379 97
88 432 757
88 444 279
89 106 283
89 118 412
89 214 563
89 215 90
89 305 228
89 338 679
89 371 454
89 425 124
90 95 911
90 143 405
90 147 720
90 176 831
90 183 506
90 185 176
90 201 983
90 206 60
90 284 692
90 319 102
90 411 408
90 440 216
90 465 132
91 140 794
91 194 474
91 233 329
91 301 406
91 394 598
91 438 91
92 185 410
92 189 99
92 207 662
92 215 194
92 221 89
92 239 36
92 274 288
92 276 526
92 307 551
92 314 208
92 405 528
92 428 150
93 154 521
93 205 461
93 211 977
93 270 333
93 326 868
93 379 971
93 393 924
93 494 277
94 201 321
94 225 963
94 311 889
94 329 800
94 346 966
94 453 136
94 457 86
94 477 157
94 479 497
95 142 214
95 281 870
95 348 742
95 362 478
95 364 159
95 394 419
95 425 940
95 458 767
95 470 657
96 103 645
96 148 636
96 156 942
96 211 118
96 218 770
96 275 394
96 281 826
96 351 986
96 408 243
96 445 466
96 487 948
97 170 222
97 209 236
97 317 336
97 397 348
97 435 148
97 481 226
97 491 21
98 161 341
98 190 15
98 285 67
98 350 496
98 376 892
98 386 583
98 409 673
98 436 135
98 470 72
98 475 530
98 500 821
99 109 250
99 169 181
99 176 748
99 227 597
99 228 937
99 269 857
99 276 400
99 283 611
99 296 200
99 306 949
100 243 140
100 280 582
100 327 666
100 413 200
100 414 680
100 424 252
100 442 346
101 104 201
101 114 82
101 173 168
101 193 684
101 212 392
101 267 869
101 374 650
101 384 645
101 409 289
101 414 173
101 434 493
102 162 56
102 166 399
102 242 363
102 255 162
102 300 814
102 480 115
103 119 265
103 269 603
103 326 181
103 337 273
103 357 897
103 420 38
103 485 257
104 128 354
104 158 440
104 241 710
104 248 900
104 266 300
104 277 353
104 282 379
104 333 512
104 351 760
104 385 488
104 395 48
104 429 215
104 461 559
104 467 592
104 483 73
104 490 934
105 113 106
105 166 208
105 264 569
105 287 6
105 337 868
105 349 886
105 356 384
105 425 795
105 428 351
105 439 221
106 210 181
106 239 246
106 263 155
106 269 105
106 270 271
106 289 798
106 327 867
106 366 475
106 421 197
107 139 733
107 141 220
107 143 140
107 166 868
107 227 209
107 234 528
107 252 540
107 282 77
107 293 582
107 294 14
107 327 694
107 349 411
107 365 300
107 435 303
108 118 212
108 119 596
108 157 876
108 234 908
108 240 693
108 281 696
108 302 28
108 303 192
108 328 752
108 337 946
108 425 264
109 154 979
109 174 39
109 181 260
109 193 438
109 255 626
109 369 411
109 375 393
109 410 882
109 464 556
110 139 552
110 174 571
110 182 421
110 326 48
110 371 361
110 392 537
110 412 414
110 446 97
110 450 793
110 491 584
111 116 524
111 135 266
111 144 60
111 151 488
111 160 417
111 238 809
111 267 226
111 290 56
111 302 904
111 387 143
111 462 615
111 475 782
111 482 940
112 144 541
112 180 763
112 199 715
112 248 379
112 282 831
112 338 1
112 495 337
113 116 338
113 177 138
113 218 585
113 362 356
113 435 23
113 436 438
114 153 844
114 227 455
114 239 736
114 246 46
114 252 81
114 322 879
114 337 914
114 378 230
114 394 21
114 479 685
115 306 941
115 330 772
115 343 178
115 352 626
115 371 306
115 421 869
115 460 701
115 465 767
116 121 445
116 183 933
116 188 530
116 194 385
116 222 809
116 282 5
116 297 326
116 324 775
116 339 956
116 354 614
116 356 969
116 359 99
116 457 161
117 211 437
117 221 56
117 299 673
117 385 165
117 420 3
117 431 944
117 440 197
117 466 926
117 470 509
117 485 489
117 488 965
118 120 128
118 138 97
118 181 260
118 196 769
118 331 504
118 418 303
118 456 265
119 205 217
119 209 242
119 277 882
119 285 432
119 335 9
119 363 149
119 449 995
119 495 703
120 178 759
120 204 91
120 221 225
120 295 575
120 322 715
120 331 637
120 391 911
120 429 745
120 497 701
121 173 336
121 202 452
121 225 620
121 272 71
121 369 611
121 404 149
121 438 654
121 447 515
122 145 361
122 153 40
122 248 487
122 384 160
122 390 871
122 493 660
123 170 808
123 181 210
123 194 710
123 223 69
123 259 590
123 269 514
123 283 787
123 323 279
123 435 958
123 438 996
123 474 375
123 490 712
124 125 887
124 154 94
124 195 234
124 242 498
124 377 758
124 433 453
124 470 948
125 145 431
125 197 590
125 238 563
125 274 78
125 288 396
125 461 126
125 465 515
125 471 391
125 486 938
125 498 761
126 142 652
126 162 964
126 171 227
126 175 968
126 179 264
126 212 442
126 266 411
126 456 150
126 479 6
126 481 881
127 135 136
127 140 209
127 144 56
127 169 897
127 212 699
127 216 563
127 268 452
127 299 389
127 313 830
127 334 607
127 369 712
127 390 664
127 411 622
128 141 291
128 194 775
128 200 303
128 205 705
128 207 707
128 240 385
128 344 709
128 407 146
128 426 299
128 428 961
128 478 448
129 165 942
129 249 953
129 357 275
129 390 261
129 397 22
129 489 521
130 152 321
130 184 914
130 249 30
130 269 478
130 306 792
130 313 86
130 358 25
130 390 668
131 134 161
131 137 693
131 169 387
131 211 100
131 220 898
131 254 722
131 281 194
131 309 394
131 332 631
131 396 199
131 464 447
132 152 666
132 155 340
132 237 417
132 239 495
132 293 272
132 387 629
132 406 58
132 421 845
133 146 129
133 170 428
133 203 705
133 234 783
133 237 161
133 241 517
133 269 987
133 278 146
133 311 990
133 338 943
133 355 294
133 468 55
133 484 313
134 164 677
134 167 727
134 264 47
134 379 89
134 387 146
134 390 196
134 413 547
134 423 627
134 425 53
135 231 490
135 249 587
135 275 105
135 293 517
135 346 957
135 368 456
135 481 283
135 485 77
135 500 940
136 211 488
136 226 8
136 310 459
136 345 645
136 350 142
136 374 29
136 376 605
136 396 289
136 414 839
136 482 316
137 162 38
137 164 812
137 190 158
137 292 162
137 306 276
137 356 658
137 427 45
137 466 531
138 177 234
138 183 455
138 192 542
138 213 381
138 277 964
138 324 300
138 328 504
138 350 156
138 354 464
138 444 551
138 481 182
139 227 659
139 258 290
139 260 649
139 303 752
139 308 642
139 310 927
139 323 514
139 364 971
139 414 843
139 459 37
140 142 644
140 162 186
140 165 744
140 182 647
140 213 38
140 299 402
140 326 568
140 368 989
140 381 212
140 408 998
140 436 339
140 439 191
141 169 297
141 190 526
141 210 153
141 226 31
141 291 463
141 351 640
141 368 212
141 405 206
141 414 997
141 429 706
141 446 224
141 466 667
142 163 822
142 216 204
142 221 94
142 234 393
142 319 190
142 348 574
142 406 297
142 447 759
143 155 856
143 176 309
143 201 794
143 230 254
143 250 455
143 488 289
143 492 663
143 494 288
144 147 105
144 149 33
144 189 142
144 277 323
144 283 559
144 363 328
144 448 605
144 452 639
145 193 52
145 205 260
145 288 564
145 328 583
145 329 95
145 353 968
145 479 72
146 157 882
146 160 61
146 169 388
146 247 848
146 290 551
146 311 748
146 319 416
146 365 48
146 374 415
146 406 707
146 415 659
146 455 393
146 471 173
147 165 879
147 188 392
147 219 985
147 246 156
147 435 105
147 460 350
147 484 628
148 263 975
148 269 564
148 387 825
148 407 681
148 444 788
149 190 973
149 211 443
149 252 32
149 361 734
149 446 855
150 157 474
150 194 186
150 207 348
150 258 2
150 298 997
150 339 510
150 344 989
150 346 154
150 375 86
150 483 162
151 184 41
151 225 644
151 280 136
151 285 608
151 310 326
151 348 225
151 410 147
151 420 700
152 185 778
152 199 435
152 271 380
152 280 28
152 302 635
152 309 218
152 356 611
152 357 312
152 384 152
152 405 49
152 456 98
153 171 796
153 306 682
153 330 348
153 379 148
153 380 395
153 422 183
153 448 288
153 468 968
153 473 925
154 261 252
154 292 18
154 311 56
154 351 550
154 372 34
154 384 146
154 432 396
154 438 736
154 475 30
155 230 814
155 265 465
155 323 770
155 351 12
155 427 316
156 171 872
156 197 668
156 257 446
156 291 431
156 326 934
156 386 787
156 406 8
156 430 24
156 449 17
156 452 796
157 249 688
157 256 582
157 278 647
157 286 299
157 347 997
157 366 734
157 448 889
157 449 264
157 496 769
158 283 177
158 300 458
158 369 687
158 375 587
158 376 357
158 428 113
159 244 718
159 253 939
159 265 567
159 281 111
159 346 587
160 212 339
160 224 891
160 270 586
160 320 981
160 327 633
160 354 363
160 422 405
160 425 368
161 264 999
161 288 631
161 307 685
161 322 60
161 359 587
161 421 220
161 455 198
161 488 287
162 168 910
162 181 619
162 306 217
162 467 192
162 490 12
163 263 841
163 318 447
163 380 663
163 467 512
163 477 422
164 182 215
164 191 607
164 258 679
164 261 310
164 264 169
164 360 299
164 376 677
164 377 178
164 408 870
164 428 337
164 430 209
164 438 954
164 497 573
165 194 61
165 259 202
165 266 798
165 386 259
165 427 688
165 463 186
165 471 52
166 233 811
166 234 853
166 255 559
166 282 457
166 438 751
166 483 531
167 172 430
167 231 416
167 246 244
167 283 671
167 311 620
167 426 912
167 437 605
167 480 63
168 240 795
168 261 131
168 328 427
168 330 62
168 337 671
168 387 378
168 423 947
168 426 89
168 427 729
168 446 427
168 486 884
169 187 231
169 248 675
169 270 940
169 283 85
169 461 514
169 500 409
170 236 759
170 240 768
170 280 331
170 284 668
170 331 776
170 333 982
170 339 324
170 355 354
170 377 500
170 395 928
170 411 911
170 420 608
170 425 804
170 460 881
170 472 255
170 480 35
170 481 398
170 491 998
171 193 1
171 212 608
171 217 924
171 218 628
171 256 854
171 347 207
171 375 544
171 425 993
172 177 41
172 203 17
172 207 389
172 323 312
172 334 472
172 366 872
172 374 116
172 383 751
172 388 532
173 231 859
173 236 279
173 260 476
173 268 192
173 369 306
173 377 26
173 379 471
173 461 511
173 488 628
174 201 120
174 212 826
174 254 944
174 275 88
174 305 574
174 367 719
174 408 370
174 412 884
174 500 534
175 180 807
175 198 33
175 229 300
175 232 747
175 242 916
175 324 362
175 429 152
176 274 9
176 311 523
176 348 785
176 426 548
177 195 668
177 215 601
177 223 749
177 239 569
177 281 491
177 324 839
177 368 37
177 392 944
177 399 161
177 426 852
177 479 165
178 192 539
178 232 327
178 254 836
178 279 553
178 305 322
178 313 711
178 335 358
178 337 940
178 426 29
178 450 710
178 453 391
178 472 969
178 479 290
178 485 719
179 248 917
179 278 336
179 312 652
179 324 391
179 359 288
179 444 228
179 463 245
180 233 911
180 357 200
180 396 761
180 434 862
180 493 911
181 188 805
181 215 572
181 234 941
181 239 671
181 264 549
181 286 800
181 404 124
181 430 260
181 432 117
181 479 84
181 492 353
182 203 168
182 240 437
182 286 205
182 292 918
182 323 450
182 365 795
182 428 348
182 472 298
183 200 346
183 393 76
184 219 519
184 266 227
184 291 423
184 303 58
184 406 269
184 451 759
184 478 451
184 489 703
184 498 42
185 285 6
185 349 283
185 415 35
185 492 267
186 254 686
186 359 280
186 368 978
186 433 56
187 219 630
187 235 268
187 310 589
187 331 709
187 440 928
187 489 887
188 249 375
188 317 648
188 324 266
188 449 594
188 465 284
189 190 498
189 332 37
189 338 823
189 358 257
189 397 914
189 485 636
190 211 503
190 240 408
190 249 116
190 456 221
191 324 858
191 348 103
191 358 611
191 360 919
191 493 380
192 203 137
192 233 360
192 270 112
192 275 81
192 313 808
192 465 817
192 469 624
192 474 888
193 213 837
193 309 257
193 315 676
193 391 480
193 422 42
194 212 618
194 251 215
194 259 853
194 312 245
194 377 958
194 386 803
194 409 956
194 493 894
195 198 903
195 243 397
195 313 126
195 357 943
195 401 590
195 406 39
195 438 206
195 467 903
196 199 527
196 248 213
196 288 151
196 307 92
196 335 55
196 365 67
196 383 4
196 422 975
196 475 92
196 494 307
197 224 147
197 316 433
197 370 912
197 375 890
197 392 960
197 410 118
198 201 206
198 280 884
198 325 709
198 331 425
198 404 805
198 409 91
198 437 453
198 467 889
198 487 819
198 491 839
198 498 898
199 205 53
199 274 735
199 320 621
199 454 782
200 208 423
200 312 285
200 353 180
200 450 665
200 491 541
201 240 178
201 242 380
201 282 220
201 341 520
201 355 728
201 375 216
201 385 157
201 453 659
201 471 148
201 486 7
202 233 295
202 276 568
202 343 421
202 367 470
202 370 637
202 421 306
202 448 809
202 496 573
203 305 562
203 308 104
203 331 970
203 347 830
203 416 316
203 434 942
203 466 921
203 495 864
204 282 902
204 360 647
204 442 896
204 497 405
205 276 66
205 309 619
205 322 307
205 330 114
205 366 164
205 374 845
205 376 992
205 386 176
205 418 676
205 427 270
205 436 153
205 445 505
206 223 153
206 231 611
206 292 887
206 307 972
206 340 352
206 346 127
206 348 997
206 363 524
206 447 385
206 482 813
207 214 826
207 218 174
207 224 770
207 279 602
207 282 846
207 292 868
207 306 963
207 313 243
207 333 261
207 360 875
207 362 536
207 495 295
208 273 566
208 311 102
208 366 285
208 367 870
208 381 420
208 414 264
209 249 921
209 256 211
209 296 977
209 403 460
209 418 430
209 454 356
209 498 983
210 239 983
210 255 408
210 408 570
210 420 87
210 428 875
210 456 206
210 484 475
211 233 107
211 245 633
211 346 502
211 385 471
211 435 482
211 437 22
212 223 307
212 265 133
212 326 47
212 363 856
212 459 405
213 218 308
213 229 376
213 231 490
213 233 502
213 254 148
213 300 846
213 346 34
213 472 202
213 496 151
214 227 692
214 246 994
214 255 746
214 256 22
214 278 669
214 305 686
214 317 977
214 342 274
214 359 367
214 368 867
214 425 582
214 454 2
214 488 219
215 219 160
215 251 88
215 292 840
215 317 176
215 407 246
215 464 238
216 302 991
216 319 717
217 226 870
217 253 392
217 276 966
217 277 874
217 287 439
217 292 827
217 328 609
217 354 82
217 410 187
217 465 251
218 262 460
218 357 746
218 392 763
218 423 161
218 439 689
218 488 621
219 273 431
219 347 875
219 386 758
219 477 154
220 326 436
220 331 765
220 353 218
220 384 623
220 423 22
220 438 76
220 450 847
221 226 401
221 265 467
221 382 43
221 402 479
222 227 231
222 248 229
222 286 503
222 376 165
222 384 850
222 386 615
222 426 908
222 431 32
223 300 200
223 367 130
223 372 141
223 390 871
223 429 223
223 485 372
223 499 218
224 255 671
224 276 433
224 313 477
224 336 736
224 443 914
224 475 611
225 305 973
225 334 195
225 354 809
225 383 340
225 387 69
225 469 38
225 473 456
226 233 149
226 282 662
226 313 125
226 314 561
226 342 334
226 356 391
226 415 451
226 422 498
226 454 541
227 262 917
227 282 892
227 284 718
227 287 101
227 337 710
227 352 308
227 371 498
227 406 660
227 411 999
227 486 865
228 245 82
228 252 322
228 285 308
228 309 97
228 394 74
228 415 620
228 477 951
229 239 478
229 243 890
229 290 174
229 307 762
229 308 194
229 317 709
229 325 105
229 326 973
229 364 824
229 378 51
229 390 486
229 404 732
229 444 55
229 448 20
229 452 943
230 353 727
230 480 646
230 491 43
231 277 222
231 296 946
231 307 813
231 363 515
231 373 225
231 404 226
231 430 368
231 436 976
231 443 834
231 458 241
232 259 192
232 416 709
232 452 458
233 293 431
233 326 631
233 370 289
233 415 161
233 445 284
233 465 858
234 281 107
234 286 589
234 290 342
234 294 222
234 320 660
234 321 766
234 349 1
234 374 77
234 381 900
234 410 515
234 481 393
235 294 297
235 332 845
235 333 830
235 401 128
235 477 760
236 279 91
236 305 894
236 323 245
236 419 836
236 464 415
237 416 673
237 483 434
237 490 626
238 249 618
238 298 664
238 316 211
238 323 155
238 375 62
238 407 569
238 418 925
238 482 128
239 258 412
239 267 52
239 301 437
239 307 119
239 344 538
239 391 709
239 404 116
239 422 787
239 427 787
239 433 106
239 462 545
239 495 478
239 498 267
240 246 21
240 257 718
240 304 984
240 419 498
240 469 158
240 498 776
241 330 698
241 443 110
242 255 310
242 265 396
242 330 840
243 280 53
243 282 60
243 300 439
243 410 962
243 413 563
243 494 34
244 249 67
244 320 156
244 426 587
244 443 273
244 494 693
244 497 810
245 260 220
245 314 856
245 334 778
245 392 804
245 393 738
245 411 850
245 476 302
245 498 992
246 285 98
246 339 21
246 341 186
246 343 873
246 350 743
246 434 172
246 451 681
246 479 217
246 484 597
246 487 136
246 494 294
247 260 35
247 282 728
247 294 837
247 339 367
247 348 672
247 350 20
248 270 515
248 286 197
248 306 301
248 364 751
248 411 34
248 438 653
249 251 788
249 327 566
249 391 787
249 431 200
249 472 718
250 267 255
250 275 318
250 318 798
250 366 570
250 399 644
250 403 337
250 466 352
250 490 673
250 499 371
251 279 132
251 294 572
251 300 619
251 431 388
251 451 695
251 461 981
251 488 108
252 253 821
252 304 223
252 351 707
252 411 35
252 413 783
252 424 9
252 478 18
253 255 858
253 258 974
253 283 650
253 296 555
253 345 542
253 391 622
253 416 250
253 417 520
253 435 710
253 446 871
254 293 619
254 297 67
254 344 170
254 362 930
254 376 856
254 424 625
254 478 675
255 329 615
255 339 676
255 387 475
255 409 316
255 472 438
256 268 902
256 339 960
256 367 855
256 389 370
256 407 957
256 425 260
256 485 3
257 285 277
257 290 61
257 293 880
257 303 430
257 340 224
257 342 124
257 400 958
257 404 598
257 474 570
257 485 467
257 499 966
258 328 79
258 429 868
258 449 200
258 451 227
258 485 812
258 490 364
258 493 756
259 307 360
259 309 209
259 418 669
259 425 865
259 489 959
260 288 128
260 424 310
260 441 701
260 450 134
260 489 637
261 374 875
261 382 863
261 393 679
261 495 549
262 360 316
262 424 274
262 428 529
262 454 537
263 339 413
264 270 988
264 293 347
264 297 652
264 299 596
264 303 808
264 332 53
264 402 21
265 384 322
265 405 768
265 463 352
266 285 638
266 370 602
266 388 131
266 416 859
267 287 921
267 291 860
267 296 585
267 317 781
267 324 840
267 370 159
267 481 782
268 313 941
268 342 741
268 372 489
268 445 595
268 500 771
269 281 594
269 395 304
269 398 634
269 412 279
269 449 567
269 481 16
270 300 894
270 314 538
270 344 831
270 394 995
270 407 229
270 408 596
270 409 719
270 440 338
270 451 83
270 456 93
270 490 439
271 353 996
271 434 595
271 440 223
271 463 28
272 319 998
272 332 724
272 339 649
272 343 302
272 345 153
272 386 142
273 342 632
273 432 853
273 457 494
273 460 478
274 290 136
274 389 264
275 291 381
275 322 581
275 330 730
275 403 769
275 448 985
276 297 74
276 299 380
276 345 427
276 408 298
277 336 526
277 374 865
277 402 292
277 444 455
278 368 24
278 413 481
278 428 69
278 441 927
278 454 626
278 474 433
279 317 485
279 383 977
279 388 226
279 412 78
279 449 532
279 462 865
280 287 376
280 309 799
280 418 763
280 457 414
281 296 134
281 371 569
282 336 401
282 342 611
282 439 341
282 476 310
282 479 855
282 491 474
282 494 872
283 291 488
283 405 687
283 419 630
283 442 338
283 443 831
283 485 826
284 354 871
284 410 279
284 461 481
284 467 492
284 498 519
285 349 919
285 382 274
285 497 404
286 321 354
286 329 456
286 337 731
286 340 574
286 350 9
286 425 767
287 293 197
287 373 463
287 394 227
287 434 763
287 446 983
287 478 800
288 379 84
288 404 317
288 425 269
288 460 204
288 461 95
289 304 430
289 321 633
289 459 161
289 478 883
289 481 548
290 345 181
290 402 501
290 410 685
290 415 324
290 467 975
290 500 312
291 327 541
291 338 106
291 363 99
291 368 609
291 372 908
292 310 982
292 416 893
292 417 88
292 493 222
293 342 755
293 359 416
293 392 266
293 497 156
294 356 286
294 369 686
294 381 768
294 387 663
294 389 67
294 393 34
294 420 325
294 426 628
295 321 546
295 324 932
295 414 523
295 462 353
295 488 494
296 406 615
297 310 228
297 321 788
297 424 94
297 473 396
297 479 796
299 302 599
299 304 450
299 358 197
299 365 446
299 378 235
299 451 124
299 452 186
300 456 801
301 311 672
301 340 535
301 426 397
301 490 416
302 314 612
302 321 22
302 333 951
302 357 683
302 378 556
302 388 156
302 391 686
303 320 993
303 363 357
304 353 99
304 397 202
305 331 825
305 345 896
305 350 887
305 391 643
305 398 889
305 400 293
305 407 924
306 327 931
306 336 753
306 435 996
306 461 964
306 471 794
307 338 603
307 384 484
307 415 56
307 498 501
308 323 942
308 455 316
309 395 77
309 412 151
309 420 355
309 438 639
309 451 784
309 469 64
309 494 652
310 321 186
310 342 797
310 353 152
310 359 810
310 423 159
311 328 359
311 351 126
311 394 476
311 422 521
311 467 449
311 480 35
312 314 543
312 344 306
312 373 694
312 465 730
313 314 32
313 343 579
313 423 480
313 444 728
313 499 748
314 316 887
314 350 529
314 371 507
314 372 475
314 387 134
314 469 156
314 486 921
315 318 302
315 334 150
315 401 505
315 415 113
315 465 6
315 466 668
316 353 715
316 431 39
316 446 88
316 487 393
317 367 269
317 370 718
317 418 201
317 496 735
318 423 432
318 428 195
318 477 753
320 332 822
320 372 450
320 402 793
321 358 439
321 455 663
321 488 325
322 370 824
322 374 332
322 395 795
322 491 562
323 372 12
323 379 31
323 442 733
324 336 619
324 435 919
324 458 770
324 474 679
324 478 456
325 350 19
325 357 908
325 382 245
325 401 129
325 446 906
326 390 270
326 399 52
326 410 389
326 426 764
326 464 165
327 357 333
327 404 580
327 448 92
327 479 758
328 380 486
328 385 167
328 440 791
329 362 471
329 379 607
329 393 876
329 399 70
329 408 622
330 378 649
330 379 198
330 395 96
330 418 145
330 426 533
331 361 402
331 389 674
331 434 138
331 437 475
331 487 846
332 362 252
332 430 580
332 447 313
332 477 846
333 400 966
333 403 163
333 411 828
333 442 650
334 459 642
335 395 678
335 422 524
335 425 116
335 474 341
336 371 20
336 386 110
336 485 433
337 346 332
337 373 274
337 396 424
337 427 134
338 446 601
338 452 98
338 479 167
339 400 721
339 487 926
340 361 725
340 477 795
341 385 528
341 406 680
341 411 651
341 475 778
342 431 138
342 490 303
343 355 664
343 442 309
344 357 854
344 399 208
344 445 23
344 476 919
344 500 99
345 414 84
345 471 130
345 489 278
345 497 104
346 362 989
346 367 481
346 397 107
346 447 783
347 362 273
347 383 629
347 388 649
347 393 855
347 419 541
347 455 702
347 457 427
348 375 702
348 489 830
348 491 730
349 351 274
350 375 26
350 402 783
351 357 834
352 390 448
354 361 914
354 368 328
354 394 135
354 401 884
354 420 236
354 449 225
354 464 637
354 479 956
354 490 217
355 368 136
355 486 952
355 498 629
356 402 425
356 466 723
357 483 770
358 364 606
358 419 541
359 424 431
359 439 453
360 484 297
361 384 820
361 444 404
362 365 482
362 443 729
362 454 991
363 399 677
363 472 409
364 455 129
364 493 317
365 440 478
365 470 309
366 417 686
366 492 912
367 371 646
367 482 987
368 384 262
369 375 436
369 488 396
369 494 811
370 371 449
370 464 148
370 495 368
371 396 129
371 454 17
371 455 728
371 474 746
372 464 437
373 427 148
373 469 440
373 482 966
374 400 450
374 422 596
376 388 51
376 402 791
376 497 264
376 500 976
377 420 554
377 421 282
377 494 515
378 381 194
379 381 698
379 457 860
379 488 183
380 410 634
380 446 637
381 465 203
382 423 22
382 434 935
382 447 895
382 464 980
382 490 891
383 411 601
383 427 451
383 463 992
383 487 720
384 387 719
384 469 783
385 396 951
385 461 77
385 477 728
385 488 132
386 404 234
386 410 770
386 439 490
386 465 896
386 495 15
387 406 566
388 390 523
388 416 972
388 494 98
389 470 572
390 416 808
390 457 972
391 422 823
391 452 441
392 401 213
392 460 916
392 495 662
393 408 398
393 423 31
393 430 675
394 473 241
395 397 726
395 406 331
395 438 956
396 413 838
396 414 102
396 467 513
397 421 638
397 465 883
398 454 418
398 464 851
399 456 332
400 425 241
400 442 116
400 445 255
400 456 323
400 493 321
401 420 246
401 421 585
401 476 225
401 479 952
401 480 983
403 414 884
403 456 817
403 473 580
403 493 35
404 423 773
404 437 446
404 482 742
406 464 130
407 418 916
407 432 407
407 481 361
408 449 697
409 444 731
409 496 909
410 415 665
410 480 916
410 488 191
411 425 837
411 429 637
411 441 818
411 460 702
411 470 833
411 486 12
412 499 543
413 483 227
414 423 107
414 479 88
414 483 153
415 490 652
416 431 544
416 484 676
417 434 119
417 477 794
418 430 708
418 486 366
418 497 911
419 428 620
419 430 358
419 442 80
419 461 746
420 479 758
421 443 151
421 481 329
421 492 97
422 448 780
422 463 307
423 434 592
423 439 44
423 443 415
423 500 375
425 466 880
425 469 947
426 434 475
426 437 910
427 468 575
427 486 941
428 432 349
428 442 973
428 446 637
428 480 965
428 483 750
429 457 85
429 465 239
431 435 235
431 468 15
431 482 681
431 490 655
431 500 38
432 454 281
432 480 576
432 494 972
432 497 127
433 461 319
433 479 217
434 457 870
434 459 601
436 490 129
437 479 981
438 440 545
438 449 43
438 459 734
438 489 515
439 464 268
440 478 932
441 463 783
442 498 718
443 450 522
444 446 163
445 446 151
445 474 634
449 460 120
449 494 94
450 472 679
451 493 255
453 467 96
454 461 418
454 474 335
454 481 511
454 495 434
454 498 93
455 473 969
456 462 824
456 467 352
457 468 597
457 484 952
460 463 625
461 463 458
461 478 42
461 482 296
461 492 494
461 500 59
463 488 956
464 485 86
465 470 189
465 497 85
466 499 902
469 499 419
474 489 221
476 486 817
476 488 753
477 492 177
478 491 194
478 500 322
481 485 891
491 496 720
492 493 832
