80 300
1 6 58
1 15 34
1 21 94
1 62 32
1 63 30
2 24 26
2 63 67
2 68 49
2 73 29
2 79 83
3 9 73
3 18 38
3 29 62
3 56 29
3 73 75
3 80 29
4 11 87
4 31 97
4 36 36
4 54 35
5 6 38
5 9 40
5 21 35
5 33 77
5 59 57
5 68 55
5 80 8
6 11 14
6 30 30
6 40 87
6 50 10
6 52 87
6 58 73
6 68 88
7 15 50
7 17 14
7 36 49
7 63 20
8 9 32
8 14 75
8 18 37
8 19 22
8 22 5
8 23 40
8 63 6
8 77 76
9 27 39
9 46 66
9 52 3
9 68 62
9 71 89
9 76 9
10 15 98
10 17 68
10 22 20
10 45 79
10 67 40
10 72 94
10 79 37
11 23 22
11 42 34
11 47 70
11 58 80
11 65 19
11 76 53
12 18 78
12 34 99
12 35 94
12 63 91
12 77 36
12 80 6
13 48 91
13 66 48
14 17 20
14 21 48
14 30 77
14 42 89
14 49 31
14 52 94
14 56 74
14 57 88
14 59 12
14 62 87
14 64 22
15 20 91
15 34 65
15 38 36
15 46 6
15 53 53
15 75 57
16 23 42
16 28 47
16 42 25
16 76 32
17 29 95
17 33 33
17 36 21
17 44 90
17 56 32
17 60 5
17 61 19
18 25 39
18 43 15
18 44 31
18 45 33
18 50 98
18 52 39
19 22 76
19 27 75
19 38 34
19 47 22
19 68 12
20 25 94
20 32 55
20 34 44
20 45 65
20 50 63
20 53 65
20 72 54
20 76 86
20 80 29
21 42 49
21 53 18
21 62 10
21 72 49
22 33 9
22 51 83
22 52 91
22 61 71
22 72 86
22 73 21
23 30 54
23 36 75
23 42 41
23 55 29
23 63 49
23 69 60
24 28 48
24 54 59
24 71 70
25 33 19
25 40 67
25 50 31
25 74 82
25 80 48
26 29 71
26 31 44
26 32 26
26 43 43
26 48 20
26 55 1
26 68 49
26 73 90
27 34 13
27 48 83
27 51 56
27 64 2
27 65 10
27 70 29
27 72 94
27 76 52
28 50 26
28 78 63
29 35 21
29 38 83
29 41 46
29 49 78
29 70 29
30 33 15
30 44 13
30 50 60
30 62 79
30 68 53
30 74 11
31 33 95
31 48 79
31 59 35
31 65 53
31 68 36
31 78 20
32 49 8
32 53 68
32 63 93
32 77 92
33 44 43
33 62 53
33 76 86
33 77 74
33 79 25
34 40 32
34 47 8
34 53 11
34 66 78
34 74 19
34 79 59
35 47 75
35 50 44
35 55 28
35 71 99
35 80 53
36 50 37
36 65 54
36 72 42
36 76 87
36 79 22
37 40 35
37 45 59
37 55 99
38 50 25
38 52 25
38 78 99
39 46 64
39 55 3
39 57 29
39 74 79
39 75 67
39 78 33
40 46 91
40 56 67
40 72 32
41 49 81
41 50 87
41 52 86
41 59 17
41 70 12
41 75 43
42 43 53
42 45 55
42 65 97
42 78 19
43 50 93
43 66 63
44 48 4
44 60 11
44 64 76
44 74 43
45 47 19
45 49 9
45 52 56
45 55 82
45 62 36
45 76 74
45 77 88
46 53 48
46 68 4
46 78 20
47 59 46
47 72 94
48 58 55
48 61 96
48 63 4
48 73 60
48 74 55
48 80 69
49 51 36
49 58 15
49 64 71
49 73 18
50 70 41
50 71 96
50 79 84
51 56 93
51 58 59
51 63 62
51 64 73
51 77 73
52 65 8
52 74 27
53 67 53
54 68 16
55 68 37
55 73 29
55 77 11
56 57 28
56 58 23
56 72 44
57 76 92
58 77 28
59 78 53
60 61 31
60 70 46
60 75 45
60 80 21
61 68 51
62 66 92
62 68 65
62 73 14
63 70 64
64 74 67
65 68 28
65 74 38
65 80 5
66 77 36
67 68 76
67 74 5
69 73 62
69 78 22
70 78 27
72 78 38
79 80 26
